101010110011000
010101011001100
001010101100110
000101010110011
100010101011001
110001010101100
011000101010110
001100010101011
100110001010101
110011000101010
011001100010101
101100110001010
010110011000101
101011001100010
010101100110001

NEXT GROUP SEQUENCES
010101001100111
101010100110011
110101010011001
111010101001100
011101010100110
001110101010011
100111010101001
110011101010100
011001110101010
001100111010101
100110011101010
010011001110101
101001100111010
010100110011101
101010011001110
010101001100111

NEXT GROUP SEQUENCES
101110010110000

NEXT GROUP SEQUENCES
10111

NEXT GROUP SEQUENCES
1010111011000111110011010010000
